nbs=6;
nmc=2;

bus_dat=   [1	101	1.00	0	0	0	0.55	0.13;
            6	103	1.02	0	0	0	0	0;
            2	101	1.00	0	0	0	0       0;
            5	102	1.03	0	0.75	0	0.30	0.10;   
            3	101	1.00	0	0	0	0.30	0.18;            
            4	101	1.00	0	0	0	0.50	0.05;                     
            ];
        
line_dat=  [6	2	0.080	0.370	0.280	1.000;
            6	4	0.123	0.518	0.400	1.000;
            5	1	0.723	1.050	0.200	1.000;
            5	3	0.282	0.640	0.300	1.000;
            2	4	0.097	0.407	0.240	1.000;
            2	1	0.0     0.133	0.000	1.050;
            4	3	0.0     0.300	0.000	1.025;];

